size  N       batch_total_us  per_check_p50_ns  per_check_p99_ns  incr_p50_ns  incr_p99_ns  passes
31    10      7.0             659               733               46           77           8/10
31    100     56.0            525               719               34           271          66/100
31    1000    541.2           497               625               59           325          591/1000
31    10000   5323.6          487               671               132          399          5783/10000
255   10      41.4            4119              4496              119          368          4/10
255   100     394.5           3883              7494              99           559          55/100
255   1000    4051.3          3854              6246              258          855          554/1000
255   10000   38911.3         3829              4278              260          883          5680/10000
1023  10      156.4           15609             17373             200          1256         5/10
1023  100     1574.3          15281             20993             383          1280         47/100
1023  1000    15286.1         15178             20044             412          1936         560/1000
1023  10000   155217.8        15264             20577             419          2020         5479/10000
